Api Upload File To Server
Url = http://mobile-monitoring.bu.ac.th/Mcop/api_uploadfile/api/uploadfile
Type = Post 
Parameter = 
	- device_mac (type string)
	- file (type byte[])
	- os_version (type string)
	- device_model (type string)

Result = 
         - IsCompleted ( 1 = สำเร็จ ,0 = ไม่สำเร็จ)
  	 - Message


Example Data
{
	"device_mac":"00-08-22-4a-22-fd",
	"file":[239,187,191,45,32,32,224,184,152,224,184,184,224,184,163,224,184,129,224,184,180,224,184,136,224,184,155,224,184,163,224,184,176,224,185,128,224,184,160,224,184,151,224,184,173,224,184,176,224,185,132,224,184,163,13,10,45,32,32,224,184,149,224,185,137,224,184,173,224,184,135,224,184,129,224,184,178,224,184,163,224,185,128,224,184,167,224,185,135,224,184,154,224,185,129,224,184,153,224,184,167,224,185,131,224,184,171,224,184,153,13,10,45,32,32,224,185,131,224,184,138,224,185,137,32,119,111,114,100,112,114,101,115,115,32,224,185,131,224,184,153,224,184,129,224,184,178,224,184,163,224,184,151,224,184,179,13,10,45,32,32,224,185,128,224,184,167,224,185,135,224,184,154,224,184,170,224,184,181,224,184,173,224,184,176,224,185,132,224,184,163,13,10,45,32,32,32,224,184,161,224,184,181,224,184,163,224,184,185,224,184,155,224,184,161,224,184,178,224,185,131,224,184,171,224,185,137,224,184,171,224,184,163,224,184,183,224,184,173,224,184,155,224,185,136,224,184,178,224,184,167,13,10,45,32,32,32,224,184,161,224,184,181,32,115,105,116,101,32,109,97,112,32,224,184,171,224,184,163,224,184,183,224,184,173,32,224,185,128,224,184,161,224,184,153,224,184,185,224,184,151,224,184,181,224,185,136,224,184,149,224,185,137,224,184,173,224,184,135,224,184,129,224,184,178,224,184,163,224,184,161,224,184,177,224,185,137,224,184,162,13,10,45,32,80,114,111,100,117,99,116,32,224,184,132,224,184,183,224,184,173,224,184,173,224,184,176,224,185,132,224,184,163,32,13,10,45,32,32,32,224,185,128,224,184,167,224,185,135,224,184,154,224,184,129,224,184,181,224,185,136,224,184,160,224,184,178,224,184,169,224,184,178,13,10,45,32,32,32,224,185,131,224,184,171,224,185,137,224,185,128,224,184,163,224,184,178,224,184,171,224,184,178,32,104,111,115,116,105,111,110,32,224,185,131,224,184,171,224,185,137,224,184,171,224,184,163,224,184,183,224,184,173,224,184,155,224,185,136,224,184,178,224,184,167,13,10,45,32,32,32,224,184,163,224,184,178,224,184,132,224,184,178,224,184,155,224,184,163,224,184,176,224,184,161,224,184,178,224,184,147,32,52,48,45,53,48,107],
	"os_version":"2.1",
	"device_model":""
}